4740 3 4770 5 4620 3 
4120 2 4550 1 4780 5 4050 4 4030 4 4180 3 
4740 4 4120 2 4780 1 4190 1 4030 3 4160 4 
4740 2 4720 3 4620 2 4160 2 4170 5 
4720 3 4190 2 4780 3 4120 1 4160 1 4140 5 
4550 2 4070 1 4140 2 4200 5 4040 1 4160 2 
4420 5 4050 5 4740 3 4040 2 
4200 3 4420 4 4720 3 4240 5 4280 5 
4420 4 4030 1 4240 1 
4190 1 4140 1 4120 2 4420 5 4300 4 
4300 1 4040 5 4170 4 4740 5 4440 2 4180 2 
4070 1 4150 1 4770 2 4110 3 4240 4 4160 2 
4720 2 4240 2 4190 3 4140 5 
4030 1 4040 3 4280 4 4550 2 4740 3 4770 4 
4620 4 4170 4 4070 2 4780 5 4050 3 4180 3 
4770 5 4550 1 4780 2 4120 5 4070 5 4030 1 
4160 4 4070 3 4770 3 4720 2 
4030 1 4180 2 4040 1 
4430 3 4440 2 4190 2 
4030 2 4720 1 4050 4 4040 5 4190 5 4770 1 
4780 5 4120 3 4240 1 4170 3 4050 3 4200 3 
4740 2 4050 5 4170 2 4040 3 
4070 2 4780 2 4280 5 4420 1 4740 3 4170 2 
4160 4 4140 4 4430 3 
4740 4 4420 5 4780 1 4430 3 
4420 5 4180 1 4780 1 4280 2 4550 5 
4620 2 4200 4 4780 2 4050 1 
4620 5 4160 4 4300 2 4200 2 4720 1 
4420 3 4070 5 4030 3 4040 5 4430 4 4550 3 
4160 5 4110 5 4190 3 4780 4 4420 5 4740 1 
4430 2 4110 1 4040 2 4160 1 
4180 3 4050 3 4300 3 4200 4 4040 4 
4720 1 4030 5 4050 4 4550 1 4620 5 
4110 4 4160 3 4070 1 4120 4 
4280 2 4740 4 4140 1 4050 3 
4040 5 4780 3 4440 2 4430 3 4190 5 
4240 3 4160 4 4120 2 4140 1 4780 4 4110 4 
4240 2 4170 1 4200 4 
4050 2 4140 1 4780 3 
4550 4 4200 2 4430 1 4720 3 
4620 3 4030 5 4120 1 
4150 5 4280 5 4240 2 4190 4 
4120 2 4420 5 4620 3 4430 3 4240 2 4030 5 
4170 1 4440 3 4160 3 4720 2 
4420 5 4050 2 4150 3 
4200 4 4070 2 4120 1 4550 5 4190 5 
4420 1 4190 4 4160 5 4720 2 4430 1 
4240 2 4770 2 4150 5 4070 5 4620 1 
4150 4 4160 4 4420 1 
4200 4 4430 2 4070 4 4770 5 4300 3 4160 1 
4430 2 4120 5 4070 2 
4190 2 4140 1 4070 5 4720 5 4240 1 4110 2 
4200 4 4150 3 4160 5 
4040 5 4550 1 4110 5 4780 2 
4160 5 4720 4 4170 5 4150 3 4040 4 
4150 2 4620 5 4720 3 4740 5 
4190 2 4170 4 4430 4 
4420 1 4770 1 4160 2 4050 1 
4420 1 4200 5 4110 2 4180 5 4050 1 4120 1 
4550 5 4150 4 4770 4 4110 3 
4040 2 4240 5 4620 1 4190 1 4440 3 4780 2 
4720 2 4280 2 4240 3 4050 1 4780 1 4180 1 
4150 3 4280 5 4040 3 4430 1 4110 4 
4420 3 4030 2 4040 5 
4780 1 4770 4 4140 3 
4170 2 4430 5 4160 2 4720 2 4150 5 
4240 4 4280 1 4430 3 4050 5 
4190 3 4050 1 4720 3 4780 1 4740 5 4200 2 
4620 2 4200 5 4170 5 4240 1 
4180 5 4420 2 4740 1 4770 3 4440 5 
4620 5 4440 4 4420 5 4780 5 4050 3 4150 1 
4720 2 4030 1 4200 1 4240 2 4550 3 4140 1 
4780 1 4120 3 4200 5 4160 1 
4420 2 4740 2 4300 3 4620 3 4240 5 4200 2 
4050 4 4620 3 4160 5 4140 1 4440 4 4280 4 
4050 4 4170 5 4620 2 4110 5 4550 2 
4430 4 4030 3 4050 3 
4180 5 4770 5 4550 2 4140 3 4720 2 4740 5 
4030 5 4300 3 4110 2 4430 3 4240 5 
4200 4 4150 1 4770 1 
4430 5 4300 3 4200 3 4160 2 
4300 4 4040 3 4140 3 
4240 3 4780 3 4180 4 4300 5 
4550 3 4440 4 4420 4 4040 4 4170 2 4280 1 
4740 5 4720 3 4110 4 
4420 2 4050 4 4190 4 4440 1 4070 2 4770 2 
4170 5 4050 4 4280 2 4300 1 4120 2 
4420 4 4280 3 4240 1 4300 1 4550 3 4040 1 
4550 1 4110 2 4050 2 4720 3 4150 2 
4420 4 4300 1 4070 1 
4170 4 4140 5 4050 3 4430 1 
4170 1 4050 4 4110 3 
4140 1 4770 4 4420 1 
4300 2 4170 3 4420 4 
4120 1 4200 2 4280 1 
4180 3 4170 2 4190 3 4070 2 4740 1 4140 3 
4050 4 4030 5 4070 5 4620 5 
4050 4 4240 5 4770 1 4720 5 4280 3 4620 4 
4780 1 4040 5 4110 2 4030 1 
4030 4 4180 4 4440 1 4040 2 4070 5 4170 5 
4550 4 4030 4 4740 1 4780 4 
4300 1 4120 1 4030 2 4430 3 4440 4 4110 5 
4740 2 4050 2 4440 2 4620 4 4550 2 
4140 3 4180 2 4160 2 4170 5 4070 2 
4180 2 4430 1 4050 4 4140 4 
4070 1 4110 2 4420 4 4150 3 4050 2 
4150 4 4420 3 4550 1 
4300 5 4740 3 4040 3 4550 2 4240 5 4140 4 
4120 3 4720 1 4050 2 4430 3 4550 4 
4240 5 4140 3 4440 3 4780 2 
4740 3 4420 3 4110 5 4770 5 4550 2 
4160 4 4430 1 4720 5 
4770 3 4300 5 4160 4 4070 5 4120 3 4110 5 
4740 2 4140 1 4280 5 4170 4 4720 4 
4170 2 4240 5 4050 3 4280 2 4550 3 
4200 2 4550 5 4620 3 4420 3 4180 5 4190 2 
4200 3 4430 1 4720 1 4240 1 4190 5 
4280 2 4550 1 4740 3 4050 1 4040 1 4720 1 
4160 5 4550 4 4740 5 
4420 4 4430 5 4280 4 4170 4 4050 1 
4190 4 4030 3 4160 1 4050 3 
4200 3 4280 3 4170 1 4300 1 4150 1 
4160 5 4200 1 4420 2 
4440 1 4780 3 4040 3 4180 5 4140 2 4280 2 
4200 4 4780 3 4140 2 4150 3 4070 2 4240 5 
4280 4 4190 2 4430 2 4110 1 4420 5 4180 3 
4200 2 4440 5 4620 4 
4070 2 4190 4 4780 5 
4300 4 4720 2 4140 1 4550 5 4240 1 
4280 2 4120 1 4070 4 4780 5 4620 3 
4620 3 4740 2 4070 5 
4190 2 4120 3 4720 2 4280 2 4550 5 4780 3 
4150 5 4190 3 4280 1 4170 5 4180 1 
4780 4 4190 1 4200 4 4170 2 4120 2 
4190 4 4200 5 4150 2 4440 1 
4140 2 4440 5 4740 2 4240 5 4200 1 4030 5 
4120 3 4240 3 4620 4 4420 1 
4430 4 4440 4 4550 1 4170 4 4040 4 
4140 1 4780 1 4300 3 4040 1 
4740 1 4150 2 4110 1 4770 5 4200 3 4420 1 
4740 3 4280 5 4150 3 4420 5 4720 2 
4180 4 4050 2 4550 4 4720 5 4120 4 
4720 3 4420 5 4110 3 4030 4 
4050 4 4550 3 4040 5 4030 1 4430 4 
4620 4 4030 5 4110 3 4140 1 4420 4 4120 2 
4240 3 4620 2 4200 2 4300 3 4180 2 4420 1 
4110 2 4150 3 4620 5 4120 5 4030 4 
4190 2 4620 2 4180 3 4170 1 4110 2 
4190 3 4440 2 4720 3 
4150 3 4740 1 4420 4 4180 4 4770 2 
4180 2 4170 5 4300 3 4040 1 4440 5 
4770 1 4200 3 4780 1 4620 1 4440 1 4280 1 
4180 2 4430 3 4300 5 4110 4 4050 5 
4140 2 4780 4 4120 5 4040 4 
4160 4 4180 2 4200 4 4770 2 
4620 4 4720 1 4440 3 4180 1 
4150 1 4120 2 4040 3 4170 2 
4420 3 4440 3 4740 5 4070 5 
4740 5 4440 1 4160 5 4110 2 4190 2 4300 4 
4180 3 4430 2 4030 2 4190 5 4150 1 4200 5 
4720 2 4160 2 4280 2 
4030 5 4550 3 4430 5 4050 2 4770 3 
4770 5 4200 4 4140 2 4300 3 4280 5 
4300 2 4420 5 4280 4 4180 5 
4780 3 4180 4 4300 4 4160 5 4280 1 
4740 2 4050 3 4040 3 4190 5 4170 5 
4240 3 4430 3 4780 1 4770 5 4740 1 
4550 2 4720 5 4190 4 4300 1 
4740 2 4050 1 4300 5 4420 2 
4160 1 4280 5 4110 5 4170 1 
4300 1 4050 4 4770 4 4280 3 4240 5 4440 3 
4070 1 4200 3 4620 5 4120 5 4160 4 
4720 1 4280 4 4440 5 4200 2 
4740 4 4720 1 4300 3 4780 4 4620 3 
4070 5 4420 1 4300 5 4620 4 4780 3 4170 5 
4550 2 4150 2 4770 2 4110 1 
4720 1 4620 2 4200 4 4240 1 4150 5 4040 3 
4030 2 4280 2 4120 3 4190 5 4780 4 4070 5 
4150 4 4030 4 4180 5 4190 5 
4140 2 4180 3 4280 2 4170 5 4550 2 
4170 5 4720 5 4740 1 4030 1 4300 3 4150 1 
4190 5 4720 4 4280 2 4430 4 4440 3 
4180 3 4440 1 4190 5 4110 4 4740 4 4150 3 
4030 3 4050 2 4430 5 4200 2 4180 2 4780 3 
4740 5 4300 5 4180 4 4050 4 
4180 5 4070 4 4300 2 
4120 2 4180 3 4170 5 
4070 3 4140 3 4780 4 4740 4 
4780 3 4040 4 4190 3 4180 1 
4050 4 4780 2 4300 2 4030 2 
4780 1 4770 5 4140 5 4190 3 4050 2 
4240 4 4620 5 4430 4 4050 1 4160 3 
4620 2 4440 1 4280 2 4180 1 4430 1 4040 5 
4300 2 4030 4 4200 3 4190 2 4780 2 4110 3 
4620 3 4780 4 4030 3 4040 5 4240 5 4140 2 
4280 2 4190 1 4050 1 4620 4 4180 2 
4430 3 4040 1 4280 5 4620 3 
4040 5 4190 1 4240 2 4280 4 4110 3 4550 5 
4780 2 4440 4 4050 3 4720 1 4030 1 4150 2 
4160 5 4040 2 4190 5 
4110 4 4740 4 4420 5 4200 5 4440 5 
4160 3 4620 1 4030 1 4300 4 
4740 2 4780 3 4620 2 
4550 2 4030 1 4280 1 4190 4 4040 1 4740 3 
4740 2 4140 5 4040 3 
4280 5 4740 4 4050 2 4030 2 4190 5 4300 4 
4180 2 4740 5 4200 2 4120 5 4720 4 
4140 2 4070 5 4150 3 
4070 3 4160 2 4440 2 
4200 3 4550 1 4170 1 4440 5 4120 3 4430 5 
4040 5 4120 2 4170 4 4150 2 
4200 1 4190 4 4110 4 
4050 1 4420 1 4620 4 4770 5 
4030 4 4740 3 4120 4 
4240 1 4720 1 4110 4 
4050 4 4740 3 4170 5 4620 1 4280 1 
4780 5 4110 4 4300 4 
4050 1 4440 5 4120 3 4300 3 
4620 2 4150 2 4140 3 
4160 4 4200 4 4720 3 4140 4 
4050 2 4040 3 4160 2 
4720 5 4620 1 4200 3 4440 1 
4170 2 4420 2 4110 1 4200 5 4160 5 
4150 5 4170 3 4070 1 4780 2 
4740 5 4430 2 4720 4 4150 2 4620 5 
4280 1 4440 2 4030 4 4420 4 4430 2 
4280 3 4720 2 4300 5 4050 3 
4120 3 4740 4 4150 1 4440 2 
4240 4 4110 1 4430 3 4160 4 4200 1 4420 2 
4620 4 4780 5 4070 2 4300 2 
4740 5 4190 3 4070 1 4770 5 
4030 1 4200 5 4430 2 4120 3 
4280 2 4740 1 4030 2 4160 2 
4110 5 4620 2 4440 1 
4040 5 4150 2 4420 3 4050 4 4120 4 
4740 5 4170 2 4300 1 4720 2 4430 3 4050 2 
4240 2 4200 1 4770 4 4620 1 4280 3 
4120 1 4070 4 4180 2 4300 1 4050 1 
4200 1 4030 3 4550 4 
4070 3 4050 2 4140 4 
4140 1 4150 5 4180 5 4300 1 4780 4 4770 3 
4170 1 4240 4 4620 5 4110 2 4740 3 4120 1 
4160 4 4720 3 4240 3 
4770 4 4150 4 4300 4 4550 2 
4200 5 4420 5 4550 5 4120 2 
4160 5 4190 5 4740 2 4030 1 4170 1 
4170 1 4550 5 4190 5 4030 5 
4030 1 4160 5 4240 4 4150 5 
4780 1 4740 3 4190 1 4050 3 
4030 1 4440 2 4300 5 4780 4 4050 3 
4030 3 4110 5 4720 4 4280 2 4430 2 
4720 2 4070 2 4030 1 4120 5 4040 1 
4720 5 4200 4 4120 2 4780 4 4050 1 
4440 3 4720 2 4420 3 4550 1 4180 1 
4550 2 4030 1 4180 1 4040 3 4300 1 4110 2 
4040 2 4160 2 4150 5 4300 2 
4420 1 4190 1 4070 3 
4140 2 4070 1 4550 3 4420 2 
4240 1 4120 1 4720 1 4300 2 
4770 5 4110 4 4170 3 4440 3 4780 5 4200 1 
4170 3 4140 3 4040 4 
4040 2 4740 2 4550 2 4030 5 4620 4 
4780 2 4190 4 4550 4 
4070 2 4120 3 4720 3 4780 4 4050 4 
4300 1 4740 1 4430 4 
4420 3 4280 3 4300 4 4030 3 4770 2 
4030 1 4170 5 4110 4 
4780 4 4030 4 4150 5 4190 4 
4420 4 4720 2 4180 1 
4440 1 4550 1 4120 5 4050 5 
4180 4 4620 2 4280 1 4550 1 4770 2 
4770 5 4430 2 4240 2 4420 4 4780 1 
4050 5 4200 4 4240 4 4110 4 4160 3 
4440 2 4770 5 4050 1 4620 2 
4420 2 4740 3 4190 2 4780 5 
4180 5 4780 5 4240 1 4420 2 4280 5 
4280 2 4070 2 4040 2 
4300 5 4720 1 4280 3 4620 3 4070 5 
4200 2 4720 3 4160 1 
4240 2 4180 2 4160 3 
4280 2 4050 2 4150 2 
4030 1 4050 3 4550 3 4620 5 
4050 5 4240 2 4120 4 4280 5 4030 1 
4550 4 4720 3 4300 5 4170 5 4110 1 4430 4 
4620 2 4440 5 4300 1 4780 3 
4070 2 4180 4 4110 2 4190 2 
4720 2 4240 5 4170 4 4780 2 4110 3 4160 3 
4440 3 4030 5 4170 4 
4120 3 4040 2 4620 1 4180 5 4280 3 
4620 5 4420 2 4720 4 
4550 1 4030 3 4190 2 4050 1 4780 3 4040 3 
4200 2 4780 2 4740 2 4110 5 
4170 1 4030 4 4040 2 4420 1 4110 2 
4240 2 4170 2 4770 5 
4440 5 4770 1 4550 5 
4040 2 4440 4 4780 2 4280 5 
4030 1 4620 5 4280 3 
4770 4 4030 3 4160 2 4050 3 
4440 1 4620 4 4150 1 4140 1 4550 5 
4440 5 4040 3 4180 2 4300 5 4770 5 
4300 1 4190 1 4170 2 4430 5 4550 5 
4160 1 4040 3 4180 2 4120 2 4720 3 4150 4 
4780 1 4550 1 4740 5 4300 1 
4430 3 4160 4 4240 2 4620 3 
4070 3 4200 2 4170 1 4430 1 
4150 3 4050 1 4740 4 4300 3 4190 5 
4740 1 4160 4 4620 2 4550 3 4240 2 4030 1 
4440 2 4240 1 4070 1 4170 2 
4180 2 4550 3 4740 1 4440 3 4620 5 4240 1 
4070 1 4160 5 4240 3 
4170 4 4550 5 4200 5 
4620 3 4160 1 4200 4 4120 2 
4120 2 4190 2 4620 2 4430 3 
4280 5 4240 5 4740 4 
4200 5 4440 3 4780 5 4070 2 
4440 5 4160 3 4140 3 4550 2 4280 5 
4550 3 4200 5 4240 5 4110 2 
4070 1 4030 2 4170 2 4160 4 4740 2 4050 5 
4440 1 4160 2 4550 5 
4070 3 4280 1 4430 1 4110 3 4170 4 
4740 4 4430 5 4440 4 4140 2 4180 1 4030 1 
4140 5 4150 4 4740 1 4300 2 4160 1 4030 5 
4140 1 4070 3 4200 1 4550 5 4040 5 
4440 1 4110 2 4040 4 4150 1 
4420 1 4240 3 4140 5 4040 5 
4190 2 4740 1 4780 3 4120 4 4420 3 
4120 4 4620 5 4180 5 
4040 3 4150 3 4620 3 
4110 1 4200 4 4040 1 4050 1 4150 5 
4110 3 4040 4 4550 4 
4240 3 4070 3 4120 3 4160 5 4550 5 4030 5 
4620 2 4180 4 4720 1 4110 4 4160 3 4440 4 
4180 5 4240 1 4430 5 
4420 4 4280 1 4160 4 4170 1 4150 5 
4190 4 4280 5 4770 5 
4150 2 4160 2 4430 4 4770 1 4120 1 
4430 3 4240 3 4050 1 4740 1 4170 1 
4030 4 4160 1 4620 1 4070 3 4300 4 4440 1 
4160 4 4780 2 4770 2 4300 2 4720 5 4050 1 
4280 1 4120 3 4300 4 4180 5 4430 2 4110 3 
4110 4 4170 1 4550 3 4720 3 
4780 3 4160 2 4070 5 
4070 1 4280 2 4300 4 4190 4 4160 4 4150 5 
4770 1 4160 2 4280 1 4050 3 
4720 1 4420 5 4160 5 4140 4 4440 2 
4190 3 4160 5 4280 2 4200 4 
4240 4 4170 1 4110 4 
4770 4 4300 3 4120 2 
4120 2 4780 5 4160 4 4190 4 4140 3 
4430 5 4280 5 4160 1 4030 2 
4430 3 4110 3 4740 2 4030 3 4420 4 
4440 4 4160 5 4050 1 4070 5 4040 2 
4550 5 4300 2 4200 2 4160 3 4170 3 4770 2 
4620 4 4070 5 4140 5 
4770 2 4620 3 4050 2 
4030 2 4720 3 4180 5 4050 4 4780 3 4160 5 
4150 5 4170 5 4440 1 4420 3 
4300 4 4280 1 4550 1 4070 5 4780 2 4140 2 
4040 1 4770 3 4430 2 4280 2 
4720 3 4280 5 4420 2 
4550 2 4440 5 4050 5 
4740 3 4180 4 4720 1 4070 1 
4430 2 4720 4 4200 5 
4160 5 4070 3 4040 3 4150 4 4180 3 
4120 4 4430 3 4780 5 4300 2 4110 3 
4160 4 4440 4 4180 5 4030 4 4740 2 
4110 4 4180 3 4160 5 
4050 3 4140 2 4780 5 
4780 1 4200 1 4440 2 4720 5 4550 2 
4140 2 4070 4 4740 1 4420 4 4160 3 4050 2 
4190 2 4140 2 4240 5 4070 1 4620 1 4440 5 
4110 4 4780 1 4720 5 
4190 1 4280 3 4720 3 4050 3 
4770 3 4050 2 4190 2 4280 5 4720 3 
4040 4 4160 2 4430 3 
4200 2 4440 4 4620 3 4040 1 4280 5 4770 1 
4040 1 4110 5 4200 4 4140 3 
4200 5 4110 2 4300 1 
4030 1 4280 3 4160 1 4110 1 4200 3 
4190 4 4040 2 4150 3 4120 1 4070 3 
4190 1 4140 4 4440 4 
4120 4 4720 5 4620 5 
4720 4 4550 3 4150 4 4240 4 4040 5 
4040 3 4110 5 4200 1 4150 3 4740 2 4160 2 
4110 2 4770 1 4120 5 
4770 2 4180 4 4720 3 4040 2 4420 5 
4420 3 4160 3 4300 4 4770 4 
4740 2 4050 5 4770 3 4110 2 4780 3 
4430 1 4200 3 4550 1 4740 2 
4440 4 4170 2 4620 1 4550 1 
4120 1 4280 4 4160 1 4240 4 
4780 3 4180 4 4040 2 4620 2 4110 5 4030 3 
4430 1 4040 2 4030 4 4150 3 
4280 3 4550 2 4300 2 
4300 2 4200 4 4050 4 4040 2 4150 4 4430 5 
4420 3 4620 4 4180 1 
4280 1 4190 2 4300 4 4240 1 4770 1 4150 2 
4740 5 4040 3 4070 4 4720 3 
4440 2 4720 1 4550 4 4420 2 4200 2 4300 2 
4170 4 4550 2 4240 3 
4550 2 4740 5 4430 1 4280 5 4050 1 
4040 3 4190 5 4180 4 4150 4 4240 2 4780 3 
4110 1 4430 4 4720 3 
4120 1 4170 4 4200 1 
4780 2 4150 1 4720 3 4770 5 
4550 2 4300 1 4120 3 4030 4 4160 3 
4280 2 4620 3 4720 2 4120 1 
4140 1 4160 4 4050 1 4240 5 
4110 3 4420 1 4430 4 4740 5 4070 4 
4240 2 4040 1 4740 5 4170 1 
4740 1 4050 4 4300 4 4140 2 4770 5 
4770 3 4240 5 4780 4 4170 4 
4200 4 4740 4 4050 3 
4430 3 4740 4 4620 1 
4420 2 4150 3 4440 2 4040 3 4050 4 4770 4 
4550 3 4150 2 4300 2 4180 1 4070 4 
4440 4 4240 4 4620 3 
4780 4 4550 3 4070 1 4180 2 
4110 4 4240 2 4030 2 
4740 4 4240 4 4770 2 4550 1 4160 4 4120 1 
4170 4 4430 5 4200 4 4070 1 
4050 3 4150 3 4770 2 4030 2 4240 4 4040 2 
4280 1 4200 4 4440 1 
4200 1 4420 4 4300 2 4180 2 
4140 1 4420 4 4620 2 4440 4 
4110 4 4770 3 4550 5 4280 2 4040 3 
4440 3 4200 2 4120 3 4030 3 4780 2 4040 2 
4740 2 4140 1 4430 1 4770 5 4160 3 4150 2 
4420 4 4770 2 4140 5 
4140 4 4300 1 4150 5 4430 2 4110 1 
4170 3 4770 5 4780 3 4150 2 4430 4 4140 4 
4070 5 4240 3 4280 2 4180 3 4160 3 4420 1 
4240 1 4050 2 4780 5 
4110 1 4300 4 4620 5 4440 3 4050 2 
4120 1 4240 1 4440 2 4300 4 4070 2 4040 3 
4180 2 4120 1 4030 2 
4180 4 4620 5 4050 4 4240 3 4030 2 4770 1 
4550 4 4030 4 4430 3 4120 1 4720 3 4040 1 
4240 5 4770 2 4110 4 4740 1 4620 1 4050 1 
4160 4 4740 3 4420 5 4430 5 4720 4 4180 5 
4050 1 4720 3 4170 4 4740 4 
4740 2 4780 4 4050 4 4620 2 4280 4 4300 4 
4030 5 4740 5 4420 3 
4240 4 4740 5 4190 5 4300 3 4430 4 
4430 5 4440 1 4280 2 4120 5 4160 3 
4240 5 4180 1 4780 1 
4150 5 4300 4 4140 3 
4160 1 4780 2 4550 4 4430 1 4070 1 
4770 5 4720 4 4440 3 4110 4 
4440 2 4420 4 4070 2 4050 5 4180 1 4240 3 
4150 2 4430 1 4110 4 
4110 3 4190 5 4430 2 4200 5 
4200 2 4040 2 4110 2 4190 4 4740 4 
4040 3 4030 3 4200 1 4280 5 
4430 4 4030 2 4240 3 4160 2 4720 2 4120 4 
4300 4 4040 1 4420 1 4160 1 4200 2 4150 4 
4420 4 4300 2 4430 3 4770 2 
4780 1 4620 1 4430 3 
4720 4 4050 1 4150 4 4070 2 4770 1 4170 3 
4110 4 4720 2 4420 3 4240 5 
4740 4 4150 1 4140 3 4180 2 4720 3 4620 3 
4550 3 4770 3 4190 2 4720 4 4300 5 4620 4 
4720 4 4280 1 4150 1 4050 3 
4030 4 4120 2 4720 5 
4180 4 4040 3 4140 5 4300 3 4440 5 4740 4 
4170 2 4120 2 4190 4 4040 3 4620 5 4070 2 
4200 2 4040 1 4550 2 4440 3 
4140 1 4280 5 4180 1 4420 2 4240 2 4440 2 
